"seller_state","total_orders","total_revenue","avg_order_item_value","avg_review_score","revenue_rank"
"SP",69681,8702646.58,108.48,4.02,1
"PR",7608,1258411.82,145.20,4.09,2
"MG",7855,1003112.67,114.12,4.12,3
"RJ",4292,832804.67,174.56,4.11,4
"SC",3637,624536.86,154.21,4.11,5
"RS",1976,378907.01,172.47,4.22,6
"BA",566,285292.02,444.38,4.10,7
"DF",817,96631.57,108.09,4.05,8
"PE",405,91463.95,204.62,4.14,9
"GO",460,66331.62,128.05,4.27,10
"ES",316,47610.72,128.68,4.01,11
"MA",392,36531.94,89.98,4.00,12
"CE",90,20175.74,216.94,4.17,13
"PB",36,17095.00,449.87,3.86,14
"MT",137,17070.72,117.73,4.17,15
"RN",51,9992.60,178.44,4.27,16
"MS",46,8027.49,170.80,4.43,17
"RO",14,4762.20,340.16,3.86,18
"PI",12,2522.00,210.17,4.08,19
"SE",9,1606.20,160.62,3.90,20
"PA",8,1238.00,154.75,4.50,21
"AM",3,1177.00,392.33,2.33,22
