"customer_state","total_customers","repeat_customers","repeat_rate_pct"
"SP",39642,1237,3.12
"RJ",12201,408,3.34
"MG",11098,323,2.91
"RS",5212,163,3.13
"PR",4806,139,2.89
"SC",3493,90,2.58
"BA",3240,90,2.78
"DF",2052,60,2.92
"ES",1946,57,2.93
"GO",1927,59,3.06
"PE",1593,33,2.07
"CE",1294,21,1.62
"PA",940,23,2.45
"MT",870,28,3.22
"MA",711,17,2.39
"MS",687,18,2.62
"PB",515,11,2.14
"PI",477,10,2.10
"RN",467,11,2.36
"AL",397,12,3.02
"SE",335,7,2.09
"TO",271,7,2.58
"RO",234,9,3.85
"AM",142,3,2.11
"AC",77,4,5.19
"AP",67,1,1.49
"RR",42,1,2.38
